0000 152000
0001 004012
0002 152000
0003 004013
0004 152000
0005 004014
0006 152000
0007 004015
0010 152000
0011 004016
0012 152000
0013 004017
0014 152000
0015 004020
0016 152000
0017 004021
0020 152000
0021 004022
0022 152000
0023 004023
0024 152000
0025 004024
0026 152000
0027 004025
0030 152000
0031 004026
0032 152000
0033 004027
0034 152000
0035 004030
0036 152000
0037 004031
0040 152000
0041 004032
0042 152000
0043 004033
0044 152000
0045 004034
0046 152000
0047 004035
0050 002012
0051 154001
0052 002013
0053 154001
0054 002014
0055 154001
0056 002015
0057 154001
0060 002016
0061 154001
0062 002017
0063 154001
0064 002020
0065 154001
0066 002021
0067 154001
0070 002022
0071 154001
0072 002023
0073 154001
0074 002024
0075 154001
0076 002025
0077 154001
0100 002026
0101 154001
0102 002027
0103 154001
0104 002030
0105 154001
0106 002031
0107 154001
0110 002032
0111 154001
0112 002033
0113 154001
0114 002034
0115 154001
0116 002035
0117 154001
0120 153400
0121 155401
